  2.0000000e+000  4.6057983e+000  5.3447677e+000  2.7028627e+000  3.5179158e+000  4.1313478e+000  3.0794348e+000  3.9394591e+000  4.4499714e+000  3.1328687e+000  2.9890244e+000
  1.0000000e+000  1.9350664e+000  2.4878127e+000  2.5459013e+000  4.4384544e-001  3.3760029e+000  1.6821987e+000  1.0602138e+000  3.2611997e+000  2.4830175e+000  9.7960339e-001
  1.0000000e+000  1.5664706e+000  3.5697651e+000  3.4572146e+000  2.6649871e+000  5.0448613e+000  3.1157002e+000  2.9307537e+000  3.7156028e+000  2.8351165e+000  2.2104058e+000
  2.0000000e+000  5.5130526e+000  4.4496749e+000  2.2087671e+000  3.5200515e+000  3.5683803e+000  1.7934760e+000  2.1565508e+000  2.2321533e+000  2.5361397e+000  2.1368913e+000
  2.0000000e+000  8.1893866e-001  2.3335636e+000  2.9019866e+000  3.7410523e+000  2.3177332e+000  5.2558837e+000  3.5472983e+000  1.8666232e+000  2.9006561e+000  1.7252210e+000
  2.0000000e+000  3.2653147e+000  2.1423283e+000  1.2545489e+000  2.7625357e+000  2.6017297e+000  1.0217924e+000  3.5217683e+000  3.4173328e+000  1.8806836e+000  2.6184653e+000
  1.0000000e+000  2.0012823e+000  1.3216691e+000  2.6249319e+000  3.0419385e+000  2.4384121e+000  8.1799457e-001  2.0276102e+000  3.5126111e+000  2.6271398e+000  3.1778049e+000
  2.0000000e+000  1.9663195e+000  2.9492389e+000  3.8635985e+000  2.1844970e+000  2.7660448e+000  2.4736535e+000  1.9330567e+000  2.1652400e+000  2.4553790e+000  1.2789556e+000
  2.0000000e+000  2.9489705e+000  1.9883414e+000  3.4474278e+000  1.4629243e+000  4.1505283e+000  3.3219129e+000  3.7558808e+000  2.0956771e+000  2.5600297e+000  4.2268908e+000
  1.0000000e+000  3.4065616e+000  3.2628864e+000  3.5517016e+000  3.0654570e+000  1.6067340e+000  2.1598127e+000  3.2558348e+000  3.6112993e+000  2.3057363e-001  2.4394832e+000
  2.0000000e+000  3.4473163e+000  1.2695899e-001  3.4570169e+000  4.2859894e-001  2.4471585e+000  3.4967361e+000  2.8876720e+000  2.5714684e+000  4.1816981e+000  4.1651683e+000
  2.0000000e+000  3.4969635e+000  2.2448290e+000  3.2188555e+000  4.9363751e+000  7.4344758e-001  3.8208344e+000  1.4879018e+000  2.6001624e+000  3.5064988e+000  4.3179916e+000
  2.0000000e+000  3.1504226e+000  1.7052681e+000  4.9870038e+000  4.2583304e+000  3.5235735e+000  1.4229856e+000  4.5132618e+000  3.4524813e+000  2.6883917e+000  3.7607522e+000
  1.0000000e+000  2.8384769e+000  3.4832165e+000  3.7695769e+000  2.5905604e+000  3.6629165e+000  3.2667025e+000  4.0267219e+000  3.1952819e+000  1.3523314e+000  2.2150770e+000
  2.0000000e+000  8.5546822e-001  3.5949033e+000  3.1379106e+000  3.8252903e+000  1.8062484e+000  3.2497261e+000  2.0408609e+000  2.8738334e+000  4.1360308e+000  3.0454526e+000
  2.0000000e+000  1.1514820e+000  2.9189809e+000  3.6107367e+000  2.5092306e+000  1.3636238e+000  3.3262466e+000  2.4528514e+000  4.1655384e+000  1.6959173e+000  2.7065987e+000
  2.0000000e+000  4.3029707e+000  4.9435261e+000  1.3949634e+000  1.5285537e+000  2.7834205e+000  4.2816715e+000  3.6954926e+000  2.7220680e+000  2.6261453e+000  4.0700878e+000
  2.0000000e+000  3.8906754e+000  3.4086677e+000  1.1920526e+000  2.4087121e+000  2.2628963e+000  2.5728700e+000  4.1456745e+000  2.1931707e+000  2.5592355e+000  3.0650380e+000
  2.0000000e+000  3.6325412e+000  3.4968027e+000  2.4760798e+000  4.0071991e+000  4.5127359e+000  3.4802531e+000  1.9566814e+000  9.3279641e-001  4.2710031e+000  3.0913319e+000
  2.0000000e+000  3.3206246e+000  2.7175316e+000  1.6674432e+000  4.0244503e+000  4.9560664e+000  3.3321823e+000  3.5211237e+000  3.0686621e+000  4.2420744e+000  2.0728824e+000
  2.0000000e+000  3.0392106e+000  1.5102312e-001  2.0756016e+000  2.8843516e+000  3.1343096e+000  2.3972151e+000  2.0829618e+000  2.2095614e+000  4.2064901e+000  4.7102756e+000
  2.0000000e+000  3.2664035e+000  3.2640056e+000  2.9402561e+000  4.2691954e+000  4.3551700e+000  3.8306308e+000  2.6978206e+000  1.8476555e+000  2.8730460e+000  5.0590788e+000
  2.0000000e+000  2.8131190e+000  2.0905467e+000  2.2474091e+000  3.2321135e+000  4.3311065e+000  3.8967828e+000  8.8301479e-001  2.9832827e+000  2.4306411e+000  3.3148954e+000
  2.0000000e+000  1.4538068e+000  2.0611776e+000  1.0057075e+000  2.5255814e+000  2.3868269e+000  2.8317865e+000  2.6187753e+000  4.2210992e+000  3.2138195e+000  3.7770730e+000
  2.0000000e+000  4.0259220e+000  2.1935216e+000  2.6847613e+000  3.6899886e+000  2.9517214e+000  3.7842331e+000  1.6745242e+000  2.8376126e+000  2.7783120e+000  2.5745146e+000
  2.0000000e+000  3.4229651e+000  2.2386769e+000  3.7523872e+000  2.4352445e+000  2.1469223e+000  3.1154199e+000  4.6867101e+000  2.5672244e+000  1.9601428e+000  3.7158095e+000
  2.0000000e+000  2.4115455e+000  3.9759701e+000  3.0567012e+000  2.9995742e+000  5.8799770e+000  3.2822877e+000  7.9279247e-001  1.6158945e+000  2.2260373e+000  2.6010094e+000
  2.0000000e+000  3.9264978e+000  4.7317997e+000  3.6803716e+000  2.8839598e+000  3.4696936e+000  3.2027170e+000  3.4705893e+000  2.4386982e+000  2.0550781e+000  3.2115499e+000
  2.0000000e+000  2.9432219e+000  4.6290914e+000  4.6436679e+000  3.9352668e+000  3.0379116e+000  2.1673901e+000  3.3979802e+000  3.3438507e+000  3.6021084e+000  3.8813296e+000
  2.0000000e+000  4.4578928e+000  2.2504579e+000  3.3279608e+000  2.6314042e+000  1.5129061e+000  2.1630524e+000  1.4767504e+000  4.2560889e+000  1.3945902e+000  1.9085744e+000
  2.0000000e+000  7.8284109e-001  1.8539060e+000  3.3783754e+000  2.9441156e+000  8.9223188e-001  2.4349294e+000  2.4470661e+000  1.4174914e+000  4.4167013e+000  4.4950436e+000
  2.0000000e+000  2.6957490e+000  3.9390080e+000  3.2107086e+000  1.7821495e+000  2.3951782e+000  3.9786088e+000  4.6016640e+000  1.2025804e+000  3.3126710e+000  3.4613833e+000
  1.0000000e+000  2.4219862e+000  4.2578612e+000  2.4835544e+000  2.6350021e+000  3.1025255e+000  1.7568234e+000  3.2326622e+000  3.7285519e+000  3.7515328e+000  2.9033319e+000
  2.0000000e+000  2.9986993e+000  1.5291701e+000  2.0741744e+000  3.3502537e+000  2.9910625e+000  2.2988203e+000  1.3235427e+000  2.0951572e+000  2.0761464e+000  3.3445693e+000
  2.0000000e+000  3.4703311e+000  2.4490436e+000  2.2782086e+000  2.8939553e+000  2.7673705e+000  4.3797672e+000  4.2117285e+000  3.7737474e+000  1.8747911e+000  2.5805958e+000
  2.0000000e+000  3.7663588e+000  3.7658071e+000  2.2445985e+000  3.1694729e+000  2.8054562e+000  3.6597786e+000  2.1286917e+000  2.7953795e+000  3.4027081e+000  6.5590530e+000
  2.0000000e+000  4.2527260e+000  3.3892427e+000  4.4680524e+000  4.4521041e+000  8.5900324e-001  4.1130413e+000  3.5620905e+000  3.9728088e+000  3.4864961e+000  2.1346111e+000
  1.0000000e+000  5.0759846e+000  3.7273363e+000  3.5560093e+000  2.0895946e+000  2.8759917e+000  2.4644513e+000  3.1633782e+000  3.3902810e+000  2.7882471e+000  2.0815694e+000
  1.0000000e+000  1.2291907e+000  3.2501447e+000  2.6105269e+000  3.5304225e+000  2.9777765e+000  2.7036416e+000  3.7024377e+000  3.5343922e+000  3.8718933e+000  1.7723134e+000
  2.0000000e+000  3.7724044e+000  3.6666568e+000  3.3018307e+000  1.4927401e+000  2.1278332e+000  2.9107552e+000  6.8239477e-001  2.4473980e+000  2.7675184e+000  4.4418685e+000
  1.0000000e+000  4.4851243e+000  2.9525081e+000  2.7407092e+000  3.3507503e+000  2.7628328e+000  2.8899044e+000  2.1625284e+000  3.3861534e+000  2.9353238e+000  1.8558566e+000
  2.0000000e+000  2.0016771e+000  3.2994189e+000  4.1094604e+000  4.2269697e+000  4.1126059e+000  1.8971373e+000  2.3910747e+000  3.5352286e+000  3.4865957e+000  2.2352853e+000
  2.0000000e+000  3.4030911e+000  3.9707320e+000  2.1455646e+000  4.3833805e+000  5.6634647e+000  1.7629624e+000  3.6260093e+000  5.0410516e+000  1.1138972e+000  2.7214957e+000
  2.0000000e+000  9.6513747e-001  3.1141651e+000  8.2020543e-002  4.1478424e+000  4.2137519e+000  2.9449910e+000  2.3059683e+000  2.8529271e+000  4.1425654e+000  2.5489089e+000
  1.0000000e+000  2.2043983e+000  1.5608567e+000  2.3697893e+000  3.0445126e+000  2.3829505e+000  3.2939506e+000  2.4735228e+000  3.5777530e+000  9.6282292e-001  2.1705902e+000
  1.0000000e+000  4.0460626e+000  2.7893843e+000  2.4960543e+000  3.2767677e+000  4.1255983e+000  3.5746599e+000  2.7583476e+000  3.2127730e+000  2.6033086e+000  3.6103250e+000
  1.0000000e+000  3.7663863e+000  3.0611605e+000  2.1516555e+000  2.7964756e+000  3.9820760e+000  3.7643272e+000  2.2321172e+000  3.0542641e+000  3.7953871e+000  3.2974735e+000
  2.0000000e+000  2.4153533e+000  2.6725913e+000  2.0934884e+000  2.5841527e+000  3.5353718e+000  3.4116016e+000  3.3944018e+000  1.7166188e+000  1.5594732e+000  1.2507867e+000
  2.0000000e+000  3.1047224e+000  2.3404875e+000  4.3443789e+000  2.9629970e+000  1.5276164e+000  3.0547851e+000  4.5587661e+000  2.8319517e+000  6.4479408e+000  1.5912521e+000
  2.0000000e+000  3.5967273e+000  3.5031602e+000  4.9550757e-001  3.0708801e+000  2.0595140e+000  3.4989471e+000  3.0270163e+000  2.7665050e+000  1.0481146e+000  2.9658308e+000
  2.0000000e+000  3.4532523e+000  2.3626930e+000  3.2983913e+000  4.1528512e-001  4.8328981e+000  3.2787578e+000  4.8031023e+000  2.3934526e+000  4.6749787e+000  1.9794579e+000
  2.0000000e+000  2.6407226e+000  2.9349627e+000  2.3329339e+000  1.6919064e+000  2.7854585e+000  4.5581710e+000  9.1857339e-001  4.3242819e+000  2.8934075e+000  3.3531337e+000
  2.0000000e+000  2.2210244e+000  3.9398668e+000  3.2093239e+000  5.3151752e+000  3.2541577e+000  2.6516540e+000  2.1004457e+000  2.1551732e+000  2.9001567e+000  2.1521898e+000
  2.0000000e+000  1.8902286e+000  2.5857198e+000  2.1682951e+000  2.6761981e+000  3.4777592e+000  3.4331519e+000  3.0703299e+000  3.6405887e+000  2.1711099e+000  1.8032886e+000
  2.0000000e+000  4.2252274e+000  2.4854646e+000  1.9742982e+000  2.0705396e+000  3.7572390e+000  4.4013067e+000  2.5247001e+000  4.2791593e+000  2.1859183e+000  1.8897760e+000
  2.0000000e+000  2.6191157e+000  2.6771175e+000  1.8790991e+000  3.3202961e+000  5.2800890e+000  2.6816942e+000  3.2943255e+000  2.4246080e+000  1.4814017e+000  5.6977679e-001
  2.0000000e+000  3.4372040e+000  3.5089671e+000  3.3282653e+000  4.0652488e+000  4.9761210e+000  2.8494386e+000  2.9713054e+000  2.1184608e+000  8.6060893e-001  4.1488163e+000
  2.0000000e+000  4.1397695e+000  2.7893349e+000  1.3280906e+000  2.7994612e+000  3.1006361e+000  3.0076817e+000  2.5514863e+000  3.1604572e+000  2.5835281e+000  1.9132603e+000
  2.0000000e+000  1.5054037e+000  3.7621497e+000  1.9269191e+000  4.0065742e+000  2.4063371e+000  3.0655724e+000  2.5463584e+000  2.3098719e+000  2.4055005e+000  3.5515667e+000
  2.0000000e+000  2.9514986e+000  1.3981942e+000  2.8254675e+000  2.9993718e+000  2.6619462e+000  1.2500721e+000  3.3667519e+000  2.7381268e+000  1.7242807e+000  2.7486630e+000
  2.0000000e+000  9.3360218e-001  2.5405205e+000  3.7457150e+000  2.4413513e+000  2.7586462e+000  2.4831759e+000  3.1137305e+000  4.1073566e+000  2.4986448e+000  1.8163268e+000
  2.0000000e+000  4.2079753e+000  4.0762959e+000  4.5051484e+000  4.6915801e+000  3.5330855e+000  1.3172791e+000  2.5147537e+000  1.8586707e+000  3.0134867e+000  3.3444111e+000
  2.0000000e+000  2.5331832e+000  2.8014769e+000  3.1124818e+000  4.9356257e+000  2.9239774e+000  3.2315282e+000  2.5669263e+000  2.6266148e+000  2.8047605e+000  1.7487690e+000
  2.0000000e+000  3.3950935e+000  2.9897891e+000  4.4422173e+000  4.6705577e+000  4.4027836e+000  3.0226243e+000  1.3802436e+000  2.9340093e+000  4.0202309e+000  1.6626995e+000
  2.0000000e+000  3.6468609e+000  3.6531810e+000  2.3248891e+000  3.4274935e+000  2.9583327e+000  3.9174325e+000  2.8890379e+000  2.5762602e+000  2.1821125e+000  2.5736783e+000
  2.0000000e+000  2.7111290e+000  1.1432040e+000  4.3644362e+000  3.2054562e+000  1.9962607e+000  3.2415927e+000  2.9687938e+000  5.2706854e+000  3.3773995e+000  2.8001941e+000
  2.0000000e+000  4.0975685e+000  1.5929403e+000  3.4019556e+000  3.9393986e+000  2.8075753e+000  2.7742323e+000  3.8988430e+000  5.0092317e+000  3.1830258e+000  3.9894628e+000
  2.0000000e+000  3.4093423e+000  1.9168382e+000  4.2715163e+000  2.8585609e+000  2.0660665e+000  4.6631235e+000  2.9387109e+000  4.0579971e+000  2.7316625e+000  3.1138628e+000
  2.0000000e+000  2.7371708e+000  6.9867924e-001  4.8792015e+000  4.9176511e+000  3.2641326e+000  3.0662747e+000  2.5760804e+000  2.4359235e+000  4.4186791e+000  4.1616430e+000
  2.0000000e+000  5.1308665e+000  3.0561197e+000  3.2158222e+000  3.8392010e+000  2.4965200e+000  4.0262619e+000  2.9436656e+000  7.5655592e-001  3.1468286e+000  3.4997602e+000
  2.0000000e+000  7.7843608e-002  1.0901098e+000  2.3858771e+000  2.5227439e+000  4.0943489e+000  4.1575120e+000  3.9749895e+000  2.9031967e+000  4.5806317e+000  4.0977081e+000
  2.0000000e+000  2.6625356e+000  3.2970621e+000  2.7765269e+000  1.6114520e+000  8.8401147e-001  4.0533430e+000  5.4018135e+000  4.6681324e+000  3.3625820e+000  5.3432116e+000
  2.0000000e+000  1.8921472e+000  3.8097959e+000  2.4692932e+000  4.7341710e+000  3.4838386e+000  2.7955277e+000  1.9887688e+000  2.6207810e+000  5.1185572e-001  2.8288296e+000
  1.0000000e+000  1.9589100e+000  3.3636927e+000  3.6484729e+000  3.2302402e+000  1.7231712e+000  3.6043210e+000  2.6632833e+000  3.0240616e+000  4.8354260e+000  4.5368826e+000
  1.0000000e+000  3.0473400e+000  3.6725622e+000  3.6028380e+000  3.5339053e+000  3.7969131e+000  2.5115322e+000  3.1505741e+000  3.4275674e+000  2.8662884e+000  2.3078121e+000
  2.0000000e+000  4.6650699e+000  8.7334434e-001  3.3350258e+000  6.4872576e-001  2.9148713e+000  1.2980729e+000  1.3218515e+000  2.8544914e+000  3.1346742e+000  3.6640611e+000
  2.0000000e+000  2.2211991e+000  2.7010263e+000  2.4722123e+000  1.7150969e+000  3.4762424e+000  3.8980739e+000  2.5096042e+000  5.4645043e+000  1.9828596e+000  4.3900795e+000
  2.0000000e+000  3.8077842e+000  2.5304008e+000  2.1121214e+000  3.9860636e+000  3.3621274e+000  4.0163139e+000  2.0476828e+000  2.9091258e+000  1.6909200e+000  4.1878346e+000
  2.0000000e+000  2.7197632e+000  1.2130020e+000  2.8188419e+000  4.5007398e+000  2.8727550e+000  3.3723606e+000  2.5023543e+000  2.1698030e+000  2.4391737e+000  2.7538754e+000
  2.0000000e+000  2.3765160e+000  2.9947675e+000  2.7012678e+000  2.3467763e+000  3.1240182e+000  3.1592091e+000  2.9706956e+000  2.8645805e+000  2.9845204e+000  3.5579291e+000
  2.0000000e+000  4.0510269e+000  2.7413397e+000  3.4734076e+000  3.4954148e+000  2.6448308e+000  1.2726242e+000  2.4241931e+000  2.4904280e+000  1.8381105e+000  3.3960490e+000
  2.0000000e+000  2.9613858e+000  2.3309092e+000  4.0277910e+000  2.0364107e+000  4.0447497e+000  3.4632922e+000  5.0474742e+000  2.8035446e+000  3.6837698e+000  2.6528399e+000
  2.0000000e+000  2.8387517e+000  2.4178806e+000  4.8184200e+000  3.9410742e+000  2.5124222e+000  3.4338416e+000  4.9654931e-001  3.5298456e+000  2.7386207e+000  3.1925938e+000
  2.0000000e+000  3.5702831e+000  2.6069599e+000  4.7593793e+000  4.3208501e+000  5.5090995e+000  1.6044437e+000  2.4505221e+000  3.7619891e+000  3.2381492e+000  2.7136691e+000
  2.0000000e+000  3.1960532e+000  3.2025801e+000  3.6088320e+000  3.3996204e+000  3.3276651e+000  3.6601554e+000  2.8211788e+000  4.0462092e+000  3.0369081e+000  4.3997205e+000
  2.0000000e+000  4.8155759e+000  2.7426809e+000  7.9941757e-001  3.1101364e+000  3.1178220e+000  3.6377032e+000  3.6683951e+000  2.7319417e+000  4.1063039e+000  3.2179500e+000
  2.0000000e+000  3.4927489e+000  1.8076350e+000  2.2251242e+000  4.9333577e+000  4.0245961e+000  4.4831181e+000  2.9025945e+000  1.5191649e+000  4.2388509e+000  2.8791309e+000
  1.0000000e+000  2.3285861e+000  3.6844135e+000  3.0099216e+000  2.5191993e+000  1.9956399e+000  3.4883734e+000  4.4802314e+000  3.1654820e+000  2.0236807e+000  2.9406855e+000
  2.0000000e+000  2.3065637e+000  2.4524822e+000  3.7792572e+000  3.2766828e+000  2.8435212e+000  2.6956000e+000  2.0418774e+000  1.3605782e+000  4.5364582e+000  4.7719707e+000
  2.0000000e+000  3.4030380e+000  4.2797457e+000  2.6843366e+000  3.0413776e+000  2.6147341e+000  2.5322190e+000  2.0892048e+000  2.6165705e+000  3.6630921e+000  3.1860727e+000
  2.0000000e+000  1.1261367e+000  1.7944683e+000  2.8046768e+000  3.2043540e+000  4.8933099e+000  2.0963456e+000  3.6014651e+000  2.3032928e+000  2.4188709e+000  2.9508012e+000
  2.0000000e+000  1.3567886e+000  2.2282629e+000  2.6168041e+000  2.7316548e+000  2.3965721e+000  2.1541261e+000  2.9806515e+000  2.1375503e+000  3.6495804e+000  4.0830713e+000
  2.0000000e+000  3.2481308e+000  9.7336361e-001  4.4468861e+000  1.7710245e+000  3.2492998e+000  2.0021373e+000  7.1353847e-001  1.7131589e+000  1.8194066e+000  1.7903989e+000
  2.0000000e+000  3.6934184e+000  4.7318504e+000  1.2465895e+000  2.5729653e+000  4.2546849e+000  4.3122796e+000  3.9445541e+000  3.6703963e+000  3.8729959e+000  3.3089007e+000
  2.0000000e+000  2.6197113e+000  1.9800839e+000  2.6526056e+000  3.5196797e+000  2.4236594e+000  5.1531353e+000  3.0709445e+000  1.6380884e+000  1.8994129e+000  3.4046744e+000
  2.0000000e+000  1.7950039e+000  4.5194434e+000  3.5340956e+000  2.6328274e+000  1.5685921e+000  3.6360761e+000  1.2387817e+000  4.4220658e+000  2.2777860e+000  3.2596885e+000
  2.0000000e+000  2.8408085e+000  3.2206778e+000  2.6461121e+000  3.0074835e+000  2.6265958e+000  3.1029994e+000  1.1485425e+000  1.9630117e+000  3.3859561e+000  3.0301049e+000
  2.0000000e+000  3.7162067e+000  4.5995795e+000  3.0255698e+000  1.1078431e+000  3.4217127e+000  2.1606906e+000  2.6110628e+000  1.9330766e+000  5.1798070e+000  3.4196945e+000
  1.0000000e+000  4.1696187e+000  2.2070927e+000  3.7557026e+000  4.5681268e+000  4.4149129e+000  1.1334657e+000  9.6280826e-001  3.4142012e+000  2.9660960e+000  3.4962833e+000
  2.0000000e+000  3.9994612e+000  3.5685740e+000  1.5317408e+000  2.5814457e+000  2.4428115e+000  2.9964635e+000  3.0347603e+000  2.7643708e+000  3.9837540e+000  4.0277144e+000
